20.23
3.64
12.35
23.1
20.23
8.27
0.79
8.6
16.99
7.54
3.04
23.01
2.14
11.96
21.5
14.98
17.17
9.28
1.79
5.1
15.42
21.54
21.57
10.41
23.43
0.19
3.6
8.99
18.14
11.65
22.02
0.62
3.15
20.48
5.24
19.81
6.25
14.77
6.06
3.04
20.93
14.73
6.85
0.32
21.53
20.02
20.72
4.96
3.57
7.97
8.14
7.89
7.88
7.83
7.98
8.0
7.84
7.84
8.03
7.86
8.1
7.86
7.84
7.89
7.98
8.06
8.01
7.99
8.15
7.92
7.91
8.16
7.83
8.11
8.17
7.89
8.12
8.16
7.97
8.15
8.06
8.17
7.97
8.11
8.16
8.04
7.86
8.08
7.97
7.97
8.02
7.92
8.05
7.87
7.89
8.08
8.14
8.16
7.84
7.89
23.07
23.09
22.93
23.0
22.9
23.0
23.04
23.12
23.06
23.13
23.05
23.06
23.16
23.11
23.04
23.05
22.95
22.85
23.06
22.94
